0 -121.904167 41.974556
1 -121.902153 41.974766
2 -121.896790 41.988075
3 -121.889603 41.998032
4 -121.886681 42.008739
5 -121.915062 41.970314
6 -121.910088 41.973942
7 -121.916199 41.969482
8 -121.903198 41.968456
9 -122.553284 41.895241
10 -122.542992 41.903084
11 -122.546921 41.915726
12 -122.520287 41.907001
13 -122.503967 41.906689
14 -122.472076 41.911068
15 -122.463829 41.914925
16 -122.454803 41.923870
17 -122.440536 41.946377
18 -122.440498 41.956013
19 -122.444801 41.969555
20 -122.442436 41.977470
21 -122.433220 41.984360
22 -122.424660 41.985020
23 -122.412811 41.983322
24 -122.402168 41.988213
25 -122.390503 41.988567
26 -122.384010 41.991646
27 -122.376556 41.984219
28 -122.372299 41.984661
29 -122.352539 42.001240
30 -122.345123 42.010807
31 -122.340134 42.017231
32 -122.604172 42.012905
33 -122.606087 42.009228
34 -122.595833 41.973843
35 -122.592934 41.963806
36 -122.560463 41.912502
37 -122.552147 41.892521
38 -122.554909 41.879074
39 -122.568123 41.852474
40 -121.170708 42.001575
41 -121.155724 41.992962
42 -121.134956 41.973145
43 -121.117470 41.960300
44 -121.093819 41.951584
45 -121.092003 41.950382
46 -121.074501 41.938805
47 -121.061203 41.923958
48 -121.054169 41.920101
49 -121.035004 41.918304
50 -121.025291 41.920048
51 -120.997559 41.918797
52 -120.991028 41.913082
53 -120.976509 41.893463
54 -120.963600 41.887257
55 -120.961922 41.886448
56 -120.956833 41.879074
57 -120.954468 41.866791
58 -120.941002 41.848732
59 -124.013367 41.851032
60 -123.996857 41.851871
61 -123.965439 41.848850
62 -123.938553 41.842316
63 -123.926064 41.843346
64 -123.914360 41.848690
65 -123.903633 41.859707
66 -123.882622 41.867020
67 -123.861351 41.869293
68 -123.859070 41.870441
69 -123.854073 41.872967
70 -123.842049 41.883606
71 -123.828903 41.886963
72 -123.768227 41.913971
73 -123.765663 41.929516
74 -123.746162 41.954208
75 -123.745438 41.955120
76 -123.744003 41.977943
77 -123.727364 41.986324
78 -123.717239 41.994991
79 -123.714432 42.000217
80 -123.716400 42.004215
81 -122.581650 41.846039
82 -122.587051 41.841614
83 -122.809334 41.877716
84 -122.804764 41.878746
85 -122.786110 41.876537
86 -122.764664 41.867592
87 -122.746002 41.868587
88 -122.728844 41.872257
89 -122.718941 41.871635
90 -122.711617 41.875465
91 -122.705437 41.875103
92 -122.687073 41.859562
93 -122.671944 41.852329
94 -122.660439 41.847984
95 -122.641037 41.840649
96 -122.634933 41.840969
97 -122.624329 41.845882
98 -122.611794 41.846535
99 -120.758133 41.826836
100 -120.761414 41.832542